-----------------------------------------------------------------------------------------------
                     0.2            0.4            0.6            0.8      
-----------------------------------------------------------------------------------------------
      0.8        21531.72573    21573.60262    21537.19106    21495.86515  
      0.6        21767.37149    22231.04642    21594.22038    21492.48312  
      0.4        21750.13497    21753.82951    21452.54522    21534.71376  
      0.2        21758.13905    22256.07872    21574.33163    22253.86685  
-----------------------------------------------------------------------------------------------



